4294967279,137
4294967294,50
4294967294,180
4294967294,471
4294967294,189
4294967294,384
4294967294,30
4294967294,160
4294967294,164
4294967294,163
4294967294,46
4294967294,42
4294967294,39
4294967294,41
4294967294,115
4294967294,387
4294967294,388
4294967294,165
4294967294,113
4294967294,168
4294967294,167
4294967294,104
4294967294,106
4294967294,166
4294967294,175
4294967294,183
4294967294,177
4294967294,1414
4294967294,92
4294967294,82
4294967294,12
4294967294,76
48,1
4294967294,7
4294967294,99
4294967294,470
4294967294,1018
4294967294,1098
4294967294,1415
4294967294,18
4294967294,127
4294967294,14
4294967294,126
4294967294,20
4294967294,13
45,1
4294967279,540
4294967279,565
4294967279,268
4294967294,5
4294967294,10
4294967294,1095
4294967294,1094
4294967294,1092
4294967294,1088
4294967294,1008
4294967294,1004
4294967294,1002
4294967294,421
4294967294,190
4294967294,185
4294967294,176
4294967294,173
4294967294,170
4294967294,162
4294967294,161
4294967294,81
4294967294,1101
4294967294,11
51,5
38,5
4294967294,68
48,6
45,6
38,4
51,4
51,6
4294967278,132
4294967278,131
4294967278,130
4294967278,129
4294967278,128
4294967278,127
4294967278,126
4294967278,125
4294967278,124
4294967278,123
4294967278,122
4294967278,121
4294967278,120
4294967278,119
4294967278,118
4294967278,117
4294967278,116
4294967278,115
4294967278,114
4294967278,113
4294967278,112
4294967278,111
4294967278,110
4294967278,109
4294967278,108
4294967278,107
4294967278,106
4294967278,105
4294967278,104
4294967278,103
4294967278,102
4294967278,101
4294967278,100
4294967278,99
4294967278,98
4294967278,97
4294967278,96
4294967278,95
4294967278,94
4294967278,93
4294967278,92
4294967278,91
4294967278,90
4294967278,89
4294967278,87
4294967278,86
4294967278,85
4294967278,84
4294967278,83
4294967278,82
4294967278,81
4294967278,80
4294967278,79
4294967278,78
4294967278,77
4294967278,76
4294967278,75
4294967278,74
4294967278,73
4294967278,72
4294967278,71
4294967278,70
4294967278,69
4294967278,68
4294967278,67
4294967278,66
4294967278,65
4294967278,64
4294967278,63
4294967278,62
4294967278,61
4294967278,60
4294967279,77
4294967279,76
4294967279,74
4294967279,71
4294967279,69
4294967279,68
4294967279,65
4294967279,63
4294967279,62
4294967279,58
4294967279,56
4294967279,55
4294967279,53
4294967279,50
4294967279,48
4294967279,44
4294967279,41
4294967279,40
4294967279,39
4294967279,36
4294967279,34
4294967279,30
4294967279,29
4294967279,26
4294967279,22
4294967279,13
4294967279,12
4294967279,305
4294967279,304
4294967279,8
4294967279,7
4294967279,6
4294967279,5
4294967279,4
51,1
52,5
52,4
4294967294,1001
4294967294,186
4294967294,1000
4294967294,96
4294967279,17
4294967279,295
4294967294,0
4294967294,94
0,5
4294967294,93
4294967294,95
4294967294,17
4294967294,67
4294967294,25
4294967294,91
4294967294,88
4294967294,85
4294967294,83
4294967294,1173
4294967294,29
4294967294,28
4294967294,1016
4294967294,27
4294967294,26
4294967294,394
4294967294,24
4294967294,417
4294967294,51
4294967294,52
4294967294,1419
4294967294,1
4294967294,427
4294967294,1417
4294967294,43
4294967294,40
4294967294,38
4294967294,6
4294967279,262
4294967294,22
52,6
52,3
52,2
52,1
4294967279,566
4294967293,131
4294967293,130
4294967293,129
4294967293,128
4294967293,127
4294967293,126
4294967293,125
4294967293,124
4294967293,123
4294967293,122
4294967293,121
4294967293,120
4294967293,119
4294967293,118
4294967293,117
4294967293,116
4294967293,115
4294967293,114
4294967293,113
4294967293,112
4294967293,111
4294967293,110
4294967293,109
4294967293,108
4294967293,107
4294967293,106
4294967293,105
4294967293,104
4294967293,103
4294967293,102
4294967293,101
4294967293,100
4294967293,99
4294967293,98
4294967293,97
4294967293,96
4294967293,95
4294967293,94
4294967293,93
4294967293,92
4294967293,91
4294967293,90
4294967293,89
4294967293,88
4294967293,87
4294967293,86
4294967293,85
4294967293,84
4294967293,83
4294967293,82
4294967293,81
4294967293,80
4294967293,79
4294967293,78
4294967293,77
4294967293,76
4294967293,75
4294967293,74
4294967293,73
4294967293,72
4294967293,71
4294967293,70
4294967293,69
4294967293,68
4294967293,67
4294967293,66
4294967293,65
4294967293,64
4294967293,63
4294967293,62
4294967293,61
4294967293,60
4294967293,59
4294967293,58
4294967293,57
4294967293,56
4294967293,55
4294967293,54
4294967293,53
4294967293,52
